S1 = sparse(108,108);
S2 = sparse(108,108);
S3 = sparse(108,108);
S4 = sparse(108,108);
S1(1,37)=0.4;
S1(1,40)=0.6;
S2(1,37)=0.36;
S2(1,38)=0.54;
S2(1,46)=0.04;
S2(1,47)=0.06;
S3(1,19)=0.5;
S3(1,22)=0.5;
S4(1,19)=0.4;
S4(1,20)=0.4;
S4(1,28)=0.1;
S4(1,29)=0.1;
S1(2,38)=0.4;
S1(2,41)=0.6;
S2(2,37)=0.27;
S2(2,38)=0.36;
S2(2,39)=0.27;
S2(2,46)=0.03;
S2(2,47)=0.04;
S2(2,48)=0.03;
S3(2,20)=0.5;
S3(2,23)=0.5;
S4(2,19)=0.2;
S4(2,20)=0.4;
S4(2,21)=0.2;
S4(2,28)=0.05;
S4(2,29)=0.1;
S4(2,30)=0.05;
S1(3,39)=0.4;
S1(3,42)=0.6;
S2(3,38)=0.54;
S2(3,39)=0.36;
S2(3,47)=0.06;
S2(3,48)=0.04;
S3(3,21)=0.5;
S3(3,24)=0.5;
S4(3,20)=0.4;
S4(3,21)=0.4;
S4(3,29)=0.1;
S4(3,30)=0.1;
S1(4,40)=0.4;
S1(4,43)=0.6;
S2(4,37)=0.216;
S2(4,38)=0.324;
S2(4,40)=0.144;
S2(4,41)=0.216;
S2(4,46)=0.024;
S2(4,47)=0.036;
S2(4,49)=0.016;
S2(4,50)=0.024;
S3(4,22)=0.5;
S3(4,25)=0.5;
S4(4,19)=0.2;
S4(4,20)=0.2;
S4(4,22)=0.2;
S4(4,23)=0.2;
S4(4,28)=0.05;
S4(4,29)=0.05;
S4(4,31)=0.05;
S4(4,32)=0.05;
S1(5,41)=0.4;
S1(5,44)=0.6;
S2(5,37)=0.162;
S2(5,38)=0.216;
S2(5,39)=0.162;
S2(5,40)=0.108;
S2(5,41)=0.144;
S2(5,42)=0.108;
S2(5,46)=0.018;
S2(5,47)=0.024;
S2(5,48)=0.018;
S2(5,49)=0.012;
S2(5,50)=0.016;
S2(5,51)=0.012;
S3(5,23)=0.5;
S3(5,26)=0.5;
S4(5,19)=0.1;
S4(5,20)=0.2;
S4(5,21)=0.1;
S4(5,22)=0.1;
S4(5,23)=0.2;
S4(5,24)=0.1;
S4(5,28)=0.025;
S4(5,29)=0.05;
S4(5,30)=0.025;
S4(5,31)=0.025;
S4(5,32)=0.05;
S4(5,33)=0.025;
S1(6,42)=0.4;
S1(6,45)=0.6;
S2(6,38)=0.324;
S2(6,39)=0.216;
S2(6,41)=0.216;
S2(6,42)=0.144;
S2(6,47)=0.036;
S2(6,48)=0.024;
S2(6,50)=0.024;
S2(6,51)=0.016;
S3(6,24)=0.5;
S3(6,27)=0.5;
S4(6,20)=0.2;
S4(6,21)=0.2;
S4(6,23)=0.2;
S4(6,24)=0.2;
S4(6,29)=0.05;
S4(6,30)=0.05;
S4(6,32)=0.05;
S4(6,33)=0.05;
S1(7,43)=1;
S2(7,40)=0.216;
S2(7,41)=0.324;
S2(7,43)=0.144;
S2(7,44)=0.216;
S2(7,49)=0.024;
S2(7,50)=0.036;
S2(7,52)=0.016;
S2(7,53)=0.024;
S3(7,25)=1;
S4(7,22)=0.2;
S4(7,23)=0.2;
S4(7,25)=0.2;
S4(7,26)=0.2;
S4(7,31)=0.05;
S4(7,32)=0.05;
S4(7,34)=0.05;
S4(7,35)=0.05;
S1(8,44)=1;
S2(8,40)=0.162;
S2(8,41)=0.216;
S2(8,42)=0.162;
S2(8,43)=0.108;
S2(8,44)=0.144;
S2(8,45)=0.108;
S2(8,49)=0.018;
S2(8,50)=0.024;
S2(8,51)=0.018;
S2(8,52)=0.012;
S2(8,53)=0.016;
S2(8,54)=0.012;
S3(8,26)=1;
S4(8,22)=0.1;
S4(8,23)=0.2;
S4(8,24)=0.1;
S4(8,25)=0.1;
S4(8,26)=0.2;
S4(8,27)=0.1;
S4(8,31)=0.025;
S4(8,32)=0.05;
S4(8,33)=0.025;
S4(8,34)=0.025;
S4(8,35)=0.05;
S4(8,36)=0.025;
S1(9,45)=1;
S2(9,41)=0.324;
S2(9,42)=0.216;
S2(9,44)=0.216;
S2(9,45)=0.144;
S2(9,50)=0.036;
S2(9,51)=0.024;
S2(9,53)=0.024;
S2(9,54)=0.016;
S3(9,27)=1;
S4(9,23)=0.2;
S4(9,24)=0.2;
S4(9,26)=0.2;
S4(9,27)=0.2;
S4(9,32)=0.05;
S4(9,33)=0.05;
S4(9,35)=0.05;
S4(9,36)=0.05;
S1(10,1)=0.4;
S1(10,4)=0.6;
S2(10,46)=0.4;
S2(10,49)=0.6;
S3(10,28)=0.5;
S3(10,31)=0.5;
S1(11,1)=0.4;
S1(11,4)=0.6;
S2(11,47)=0.4;
S2(11,50)=0.6;
S3(11,29)=0.5;
S3(11,32)=0.5;
S1(12,2)=0.4;
S1(12,5)=0.6;
S2(12,48)=0.4;
S2(12,51)=0.6;
S3(12,30)=0.5;
S3(12,33)=0.5;
S1(13,4)=0.4;
S1(13,7)=0.6;
S2(13,49)=0.4;
S2(13,52)=0.6;
S3(13,31)=0.5;
S3(13,34)=0.5;
S1(14,4)=0.4;
S1(14,7)=0.6;
S2(14,50)=0.4;
S2(14,53)=0.6;
S3(14,32)=0.5;
S3(14,35)=0.5;
S1(15,5)=0.4;
S1(15,8)=0.6;
S2(15,51)=0.4;
S2(15,54)=0.6;
S3(15,33)=0.5;
S3(15,36)=0.5;
S1(16,7)=1;
S2(16,52)=1;
S3(16,34)=1;
S1(17,7)=1;
S2(17,53)=1;
S3(17,35)=1;
S1(18,8)=1;
S2(18,54)=1;
S3(18,36)=1;
S1(19,55)=0.4;
S1(19,58)=0.6;
S2(19,55)=0.36;
S2(19,56)=0.54;
S2(19,64)=0.04;
S2(19,65)=0.06;
S1(20,56)=0.4;
S1(20,59)=0.6;
S2(20,55)=0.27;
S2(20,56)=0.36;
S2(20,57)=0.27;
S2(20,64)=0.03;
S2(20,65)=0.04;
S2(20,66)=0.03;
S1(21,57)=0.4;
S1(21,60)=0.6;
S2(21,56)=0.54;
S2(21,57)=0.36;
S2(21,65)=0.06;
S2(21,66)=0.04;
S1(22,58)=0.4;
S1(22,61)=0.6;
S2(22,55)=0.216;
S2(22,56)=0.324;
S2(22,58)=0.144;
S2(22,59)=0.216;
S2(22,64)=0.024;
S2(22,65)=0.036;
S2(22,67)=0.016;
S2(22,68)=0.024;
S1(23,59)=0.4;
S1(23,62)=0.6;
S2(23,55)=0.162;
S2(23,56)=0.216;
S2(23,57)=0.162;
S2(23,58)=0.108;
S2(23,59)=0.144;
S2(23,60)=0.108;
S2(23,64)=0.018;
S2(23,65)=0.024;
S2(23,66)=0.018;
S2(23,67)=0.012;
S2(23,68)=0.016;
S2(23,69)=0.012;
S1(24,60)=0.4;
S1(24,63)=0.6;
S2(24,56)=0.324;
S2(24,57)=0.216;
S2(24,59)=0.216;
S2(24,60)=0.144;
S2(24,65)=0.036;
S2(24,66)=0.024;
S2(24,68)=0.024;
S2(24,69)=0.016;
S1(25,61)=1;
S2(25,58)=0.216;
S2(25,59)=0.324;
S2(25,61)=0.144;
S2(25,62)=0.216;
S2(25,67)=0.024;
S2(25,68)=0.036;
S2(25,70)=0.016;
S2(25,71)=0.024;
S1(26,62)=1;
S2(26,58)=0.162;
S2(26,59)=0.216;
S2(26,60)=0.162;
S2(26,61)=0.108;
S2(26,62)=0.144;
S2(26,63)=0.108;
S2(26,67)=0.018;
S2(26,68)=0.024;
S2(26,69)=0.018;
S2(26,70)=0.012;
S2(26,71)=0.016;
S2(26,72)=0.012;
S1(27,63)=1;
S2(27,59)=0.324;
S2(27,60)=0.216;
S2(27,62)=0.216;
S2(27,63)=0.144;
S2(27,68)=0.036;
S2(27,69)=0.024;
S2(27,71)=0.024;
S2(27,72)=0.016;
S1(28,19)=0.4;
S1(28,22)=0.6;
S2(28,64)=0.4;
S2(28,67)=0.6;
S1(29,19)=0.4;
S1(29,22)=0.6;
S2(29,65)=0.4;
S2(29,68)=0.6;
S1(30,20)=0.4;
S1(30,23)=0.6;
S2(30,66)=0.4;
S2(30,69)=0.6;
S1(31,22)=0.4;
S1(31,25)=0.6;
S2(31,67)=0.4;
S2(31,70)=0.6;
S1(32,22)=0.4;
S1(32,25)=0.6;
S2(32,68)=0.4;
S2(32,71)=0.6;
S1(33,23)=0.4;
S1(33,26)=0.6;
S2(33,69)=0.4;
S2(33,72)=0.6;
S1(34,25)=1;
S2(34,70)=1;
S1(35,25)=1;
S2(35,71)=1;
S1(36,26)=1;
S2(36,72)=1;
S1(37,55)=0.5;
S1(37,58)=0.5;
S2(37,55)=0.4;
S2(37,56)=0.4;
S2(37,64)=0.1;
S2(37,65)=0.1;
S1(38,56)=0.5;
S1(38,59)=0.5;
S2(38,55)=0.2;
S2(38,56)=0.4;
S2(38,57)=0.2;
S2(38,64)=0.05;
S2(38,65)=0.1;
S2(38,66)=0.05;
S1(39,57)=0.5;
S1(39,60)=0.5;
S2(39,56)=0.4;
S2(39,57)=0.4;
S2(39,65)=0.1;
S2(39,66)=0.1;
S1(40,58)=0.5;
S1(40,61)=0.5;
S2(40,55)=0.2;
S2(40,56)=0.2;
S2(40,58)=0.2;
S2(40,59)=0.2;
S2(40,64)=0.05;
S2(40,65)=0.05;
S2(40,67)=0.05;
S2(40,68)=0.05;
S1(41,59)=0.5;
S1(41,62)=0.5;
S2(41,55)=0.1;
S2(41,56)=0.2;
S2(41,57)=0.1;
S2(41,58)=0.1;
S2(41,59)=0.2;
S2(41,60)=0.1;
S2(41,64)=0.025;
S2(41,65)=0.05;
S2(41,66)=0.025;
S2(41,67)=0.025;
S2(41,68)=0.05;
S2(41,69)=0.025;
S1(42,60)=0.5;
S1(42,63)=0.5;
S2(42,56)=0.2;
S2(42,57)=0.2;
S2(42,59)=0.2;
S2(42,60)=0.2;
S2(42,65)=0.05;
S2(42,66)=0.05;
S2(42,68)=0.05;
S2(42,69)=0.05;
S1(43,61)=1;
S2(43,58)=0.2;
S2(43,59)=0.2;
S2(43,61)=0.2;
S2(43,62)=0.2;
S2(43,67)=0.05;
S2(43,68)=0.05;
S2(43,70)=0.05;
S2(43,71)=0.05;
S1(44,62)=1;
S2(44,58)=0.1;
S2(44,59)=0.2;
S2(44,60)=0.1;
S2(44,61)=0.1;
S2(44,62)=0.2;
S2(44,63)=0.1;
S2(44,67)=0.025;
S2(44,68)=0.05;
S2(44,69)=0.025;
S2(44,70)=0.025;
S2(44,71)=0.05;
S2(44,72)=0.025;
S1(45,63)=1;
S2(45,59)=0.2;
S2(45,60)=0.2;
S2(45,62)=0.2;
S2(45,63)=0.2;
S2(45,68)=0.05;
S2(45,69)=0.05;
S2(45,71)=0.05;
S2(45,72)=0.05;
S1(46,37)=0.4;
S1(46,40)=0.6;
S2(46,64)=0.5;
S2(46,67)=0.5;
S1(47,37)=0.4;
S1(47,40)=0.6;
S2(47,65)=0.5;
S2(47,68)=0.5;
S1(48,38)=0.4;
S1(48,41)=0.6;
S2(48,66)=0.5;
S2(48,69)=0.5;
S1(49,40)=0.4;
S1(49,43)=0.6;
S2(49,67)=0.5;
S2(49,70)=0.5;
S1(50,40)=0.4;
S1(50,43)=0.6;
S2(50,68)=0.5;
S2(50,71)=0.5;
S1(51,41)=0.4;
S1(51,44)=0.6;
S2(51,69)=0.5;
S2(51,72)=0.5;
S1(52,43)=1;
S2(52,70)=1;
S1(53,43)=1;
S2(53,71)=1;
S1(54,44)=1;
S2(54,72)=1;
S1(55,73)=0.21;
S1(55,74)=0.49;
S1(55,82)=0.09;
S1(55,83)=0.21;
S2(55,73)=0.3;
S2(55,76)=0.7;
S1(56,73)=0.245;
S1(56,74)=0.21;
S1(56,75)=0.245;
S1(56,82)=0.105;
S1(56,83)=0.09;
S1(56,84)=0.105;
S2(56,74)=0.3;
S2(56,77)=0.7;
S1(57,74)=0.49;
S1(57,75)=0.21;
S1(57,83)=0.21;
S1(57,84)=0.09;
S2(57,75)=0.3;
S2(57,78)=0.7;
S1(58,73)=0.147;
S1(58,74)=0.343;
S1(58,76)=0.063;
S1(58,77)=0.147;
S1(58,82)=0.063;
S1(58,83)=0.147;
S1(58,85)=0.027;
S1(58,86)=0.063;
S2(58,76)=0.3;
S2(58,79)=0.7;
S1(59,73)=0.1715;
S1(59,74)=0.147;
S1(59,75)=0.1715;
S1(59,76)=0.0735;
S1(59,77)=0.063;
S1(59,78)=0.0735;
S1(59,82)=0.0735;
S1(59,83)=0.063;
S1(59,84)=0.0735;
S1(59,85)=0.0315;
S1(59,86)=0.027;
S1(59,87)=0.0315;
S2(59,77)=0.3;
S2(59,80)=0.7;
S1(60,74)=0.343;
S1(60,75)=0.147;
S1(60,77)=0.147;
S1(60,78)=0.063;
S1(60,83)=0.147;
S1(60,84)=0.063;
S1(60,86)=0.063;
S1(60,87)=0.027;
S2(60,78)=0.3;
S2(60,81)=0.7;
S1(61,76)=0.147;
S1(61,77)=0.343;
S1(61,79)=0.063;
S1(61,80)=0.147;
S1(61,85)=0.063;
S1(61,86)=0.147;
S1(61,88)=0.027;
S1(61,89)=0.063;
S2(61,79)=1;
S1(62,76)=0.1715;
S1(62,77)=0.147;
S1(62,78)=0.1715;
S1(62,79)=0.0735;
S1(62,80)=0.063;
S1(62,81)=0.0735;
